"",,,,,,,,Reservation Summary,,,,,,,,,,
Date,Day,Total Occ.,Ind. Rms.,Blk. Rms.,Blk. Rms.,Total,%Occ,Room Avg.,,Arr. Rms.,Block,Dep. Rms.,Block,OOO,Adl.,Chl.,Arr.,Dep.
"",,Rms.,,PU,Not PU,Avail.,,Revenue Rate,,,Arr. Rms.,,Dep. Rms.,Rms.,,,Prs.,Prs.
10-03-20,Sat,35,35,0,0,21,62.50,"3,360.83  96.02",,14,0,12,0,18,52,1,25,18
10-04-20,Sun,20,20,0,0,36,35.71,"1,939.90  97.00",,7,0,22,0,18,25,0,10,38
10-05-20,Mon,44,38,6,0,12,78.57,"4,123.06  93.71",,30,6,6,0,18,52,0,36,9
10-06-20,Tue,40,34,6,0,16,71.43,"3,680.15  92.00",,2,0,6,0,18,46,0,2,8
10-07-20,Wed,35,35,0,0,21,62.50,"3,169.04  90.54",,3,0,8,6,18,43,0,5,8
10-08-20,Thu,32,32,0,0,24,57.14,"2,848.86  89.03",,3,0,6,0,18,43,0,6,6
10-09-20,Fri,21,21,0,0,35,37.50,"1,743.08  83.00",,6,0,17,0,18,30,0,10,23
10-10-20,Sat,14,14,0,0,42,25.00,"1,178.66  84.19",,2,0,9,0,18,22,0,4,12
10-11-20,Sun,3,3,0,0,53,5.36,307.90  102.63,,0,0,11,0,18,3,0,0,19
10-12-20,Mon,16,16,0,0,40,28.57,"1,483.65  92.73",,14,0,1,0,18,20,0,18,1
10-13-20,Tue,17,17,0,0,39,30.36,"1,609.05  94.65",,2,0,1,0,18,21,0,2,1
10-14-20,Wed,14,14,0,0,42,25.00,"1,274.80  91.06",,1,0,4,0,18,18,0,1,4
10-15-20,Thu,16,16,0,0,40,28.57,"1,429.77  89.36",,2,0,0,0,18,26,8,16,0
10-16-20,Fri,13,5,8,0,43,23.21,"1,561.75  120.13",,10,8,13,0,18,21,9,13,17
10-17-20,Sat,28,16,12,0,28,50.00,"3,421.20  122.19",,15,4,0,0,18,39,12,21,0
10-18-20,Sun,0,0,0,0,73,0.00,0.00  0.00,,0,0,28,12,1,0,0,0,51
10-19-20,Mon,6,6,0,0,67,8.22,450.10  75.02,,6,0,0,0,1,6,0,6,0
10-20-20,Tue,6,6,0,0,67,8.22,450.10  75.02,,0,0,0,0,1,6,0,0,0
10-21-20,Wed,6,6,0,0,67,8.22,450.10  75.02,,0,0,0,0,1,6,0,0,0
10-22-20,Thu,7,7,0,0,67,9.46,593.10  84.73,,1,0,0,0,0,7,0,1,0
10-23-20,Fri,2,2,0,0,72,2.70,224.00  112.00,,1,0,6,0,0,2,0,1,6
10-24-20,Sat,2,2,0,0,72,2.70,224.00  112.00,,0,0,0,0,0,2,0,0,0
10-25-20,Sun,2,2,0,0,72,2.70,257.00  128.50,,1,0,1,0,0,2,0,1,1
10-26-20,Mon,5,5,0,0,69,6.76,509.20  101.84,,3,0,0,0,0,5,0,3,0
10-27-20,Tue,4,4,0,0,70,5.41,407.20  101.80,,0,0,1,0,0,4,0,0,1
10-28-20,Wed,3,3,0,0,71,4.05,264.20  88.07,,0,0,1,0,0,3,0,0,1
10-29-20,Thu,3,3,0,0,71,4.05,259.20  86.40,,0,0,0,0,0,3,0,0,0
10-30-20,Fri,4,4,0,0,70,5.41,402.10  100.53,,2,0,1,0,0,5,0,3,1
10-31-20,Sat,2,2,0,0,72,2.70,180.10  90.05,,0,0,2,0,0,2,0,0,3
Totals,,400,368,32,0,1472,21.37,"37,802.10  94.51",,125,18,156,18,274,514,30,184,228
